641962129
641962333
641962419
641962439
641962559
641962666
641962927
641964287
641965501
641965799
641965920
641966162
641966398
641966412
641966512
641968068
641968887
4312103411
4312782134
4312782595
4312783900
4312787170
4312788726
4312788772
4312791961
4312792085
4312792178
4312794804
4312806997
4337907837
4469336427
4632178480
4854788986
5115941734
5301627345
5309635526
5503854364
6088254839
6094685711
6123940860
6185031796
6347969246
6463469567
6463469610
6467311248
6467845602
6535048864
6565308204
6627910635
6637429356
6674072473
6679108113
6679695204
6693503186
6708454158
6713570022
6814188054
6819611723
6872397933
7123707788
7226710306
7480249980
7560672014
7711293400
7866173318
8232311338
8361268470
8377549981
8430418559
8468053980
8645042958
8684346989
9163211220
9552205777
9635633600
9642214422
9914293414
10317055162
10318237034
10319011561
10514763415
10596610840
10926255561
11224486648
11234156794
11440407183
11449222885
11509394019
11997305131
12292602651
12535362010
13066323551
13929853775
14004232366
14031420816
14033020733
14034041280
14052658432
14364821809
14377032125
14522257426
14604711518
14709266737
14717702325
14727087051
15083908230
15313567459
15319820628
15970284234
16044942747
16395842302
16584355003
16667231280
17688751938
18531584324
18545647595
18638006859
18639468697
18652792832
19122155622
19129157273
19519345106
19618505573
